100000 13.879000 0.227000 0.090000 0.072000 0.071000
150000 134.775000 1.101000 0.244000 0.170000 0.117000
200000 312.304000 2.457000 0.314000 0.261000 0.212000
250000 611.408000 4.426000 0.494000 0.374000 0.273000
300000 989.348000 7.501000 0.697000 0.486000 0.410000
350000 1426.116000 10.603000 0.956000 0.613000 0.444000
400000 1972.786000 14.600000 1.192000 0.798000 0.533000
450000 2671.295000 21.030000 1.696000 1.024000 0.737000
500000 3360.503000 25.331000 1.941000 1.144000 0.760000
550000 4136.019000 31.757000 2.468000 1.479000 0.993000
